あす
昨日
04;;042023051552733;;---;;9.34 ptL=[[0, 0], [3.1416, 0], [6.2832, 0], [1, 0.8415], [2, 0.9093], [4, -0.7568], [5, -0.9589], [6.01, -0.2698], [3.59, -0.4335], [2.51, 0.5904], [4.55, -0.9868], [1.54, 0.9995], [0.49, 0.4706], [5.58, -0.6467], [2.75, 0.3817], [5.22, -0.8739], [0.32, 0.3146]]

ふうま
昨日
0;;02023051552180;;---;;9.41 ptL=[[0, 0], [3.1416, 0], [6.2832, 0], [5.94, -0.3365], [5.8359, -0.4288], [5.55, -0.6692], [5.0787, -0.9332], [5.03, -0.95], [4.9276, -0.9764], [4.8763, -0.986], [4.7944, -0.997], [4.7431, -0.9996], [4.6919, -0.9997], [4.49, -0.9754], [3.5, -0.3508], [3, 0.1411], [2.8479, 0.2875], [2.23, 0.7905], [1.43, 0.9901], [0.61, 0.5729], [0.98, 0.8305], [3.94, -0.7162], [0.46, 0.4439]]

T T
昨日
8;;82023051553587;;---;;1.96 ptL=[[0, 0], [3.1416, 0], [6.2832, 0], [0.13, 0.1296], [0.43, 0.4169], [0.9, 0.7833], [1.56, 0.9999], [2.02, 0.9008], [2.49, 0.6065], [2.76, 0.3724], [2.98, 0.1609], [3.48, -0.332], [3.68, -0.5128], [3.95, -0.7232], [4.26, -0.8994], [4.67, -0.9991], [4.96, -0.9695], [5.15, -0.9058], [5.36, -0.7975], [5.58, -0.6467], [5.71, -0.5423], [5.92, -0.3553], [0.69, 0.6365], [1.24, 0.9458], [2.23, 0.7905], [2.57, 0.541], [4.44, -0.9631], [4.77, -0.9983], [3.81, -0.6197], [1.81, 0.9715], [1.7, 0.9917], [3.31, -0.1676], [4.11, -0.824], [6.05, -0.2311], [2.39, 0.6828], [1.11, 0.8957], [2.87, 0.2683], [1.41, 0.9871], [2.15, 0.8369], [6.15, -0.1328]]

0;;02023051552883;;---;;1.24 ptL=[[0, 0], [3.1416, 0], [6.2832, 0], [0.08, 0.0799], [2.15, 0.8369], [2.2196, 0.7966], [1.31, 0.9662], [1.5229, 0.9987], [1.7688, 0.9802], [1.9942, 0.9134], [2.0864, 0.8682], [2.281, 0.7589], [2.404, 0.6755], [2.4859, 0.6065], [2.5372, 0.566], [2.6601, 0.4632], [2.7216, 0.4092], [2.8343, 0.3066], [2.8855, 0.2489], [2.9674, 0.1708], [3.2031, -0.0584], [3.3158, -0.1775], [3.408, -0.2652], [3.4797, -0.332], [3.5514, -0.3971], [3.6128, -0.4515], [3.6948, -0.5213], [3.7563, -0.5797], [3.8792, -0.6731], [4.0124, -0.7633], [4.0636, -0.7946], [4.1763, -0.8616], [4.2788, -0.908], [4.3607, -0.9386], [4.4222, -0.9576], [4.5349, -0.9834], [4.6168, -0.9957], [4.6988, -0.9999], [4.7705, -0.9983], [4.8217, -0.9942], [4.8729, -0.9876], [4.9651, -0.967], [5.0164, -0.9531], [5.0881, -0.9295], [5.1803, -0.8926], [5.252, -0.8589], [5.3135, -0.8267], [5.3749, -0.7915], [5.4159, -0.7599], [5.4774, -0.7196], [5.5286, -0.684], [5.6003, -0.6313], [5.6515, -0.5917], [5.7028, -0.5507], [6.0854, -0.192], [5.9931, -0.289], [5.9419, -0.3365], [5.819, -0.4468], [1.086, 0.8866], [0.7889, 0.7104], [0.5122, 0.4882], [0.74, 0.6743], [0.4713, 0.4529], [0.3688, 0.3616], [1.6057, 0.9992], [1.6569, 0.996], [1.8209, 0.9691], [1.8926, 0.9495], [1.9438, 0.9326], [0.55, 0.5227], [0.8476, 0.7513], [0.9091, 0.7895], [0.991, 0.836], [1.1345, 0.9044], [1.1857, 0.9284], [1.3701, 0.9799], [1.4418, 0.9915], [0.192, 0.1889], [0.3046, 0.2955], [0.653, 0.6052], [0.6939, 0.6365], [1.2574, 0.9521], [2.34, 0.7185], [3.0912, 0.0516], [3.2551, -0.1181], [3.8083, -0.6197], [3.962, -0.7301], [2.7941, 0.3444], [3.0092, 0.1312], [2.6144, 0.5069], [5.8722, -0.4015], [6.1693, -0.1129], [6.0259, -0.2505], [6.2308, -0.0532], [5.7493, -0.5083], [0.2459, 0.2474], [0.4098, 0.3986], [0.1434, 0.1395], [0.6, 0.5646], [4.1139, -0.824]]

おとこだお
昨日
3;;32023051552155;;---;;6.97 ptL=[[0, 0], [3.1416, 0], [6.2832, 0], [3.3181, -0.1775], [4.0518, -0.7885], [4.4047, -0.9516], [4.6555, -0.9986], [5.3985, -0.7728], [5.8164, -0.4468], [5.9743, -0.3081], [6.0579, -0.2213], [0.1, 0.0998], [0.4947, 0.4706], [1.0055, 0.8468], [1.3863, 0.9837], [1.507, 0.9982], [1.6184, 0.9988], [2.48, 0.6144], [3.69, -0.5213], [5, -0.9589], [2, 0.9093], [0.81, 0.7243], [2.72, 0.4092]]

ころりんおむすび
昨日
6;;62023051552317;;---;;2.51 ptL=[[0, 0], [3.1416, 0], [6.2832, 0], [0.2, 0.1987], [2.52, 0.5823], [4.39, -0.9485], [5.31, -0.8267], [1.77, 0.9802], [0.99, 0.836], [0.5, 0.4794], [3.79, -0.6039]]

ヒューイUH-1J
昨日
7;;72023051558827;;---;;63.1 ptL=[[0, 0], [3.1416, 0], [6.2832, 0], [2.21, 0.8026], [1.13, 0.9044], [3.04, 0.1014], [0.33, 0.324], [1.32, 0.9687], [1.74, 0.9857], [2.5425, 0.566], [0.87, 0.7643], [0.43, 0.4169]]

岳楽中嶋
昨日
レギュレーション通り
0;;02023051552099;;---;;1.86 ptL=[[0, 0], [3.1416, 0], [6.2832, 0], [4.71, -1], [3.92, -0.7021], [2.36, 0.7044], [1.04, 0.8624], [5.51, -0.6984], [0.52, 0.4969], [1.58, 1]]
レギュレーション外
0;;02023051553156;;---;;1.12 ptL=[[2.5304, 0.5742], [2.5817, 0.5325], [2.7968, 0.335], [2.8788, 0.2586], [2.9197, 0.2198], [2.9812, 0.1609], [3.0836, 0.0616], [3.1656, -0.0284], [0.84, 0.7446], [1.0142, 0.8468], [1.1064, 0.8957], [0.53, 0.5055], [1.1652, 0.9208], [0.12, 0.1197], [0.36, 0.3523], [0.401, 0.3894], [0.4522, 0.435], [0.2, 0.1987], [0.2717, 0.2667], [0.0512, 0.05], [0.7239, 0.6594], [0.64, 0.5972], [0.7732, 0.6961], [0.57, 0.5396], [0.3105, 0.3051], [0.9229, 0.7956], [1.2944, 0.9608], [1.3456, 0.9757], [1.24, 0.9458], [1.4015, 0.9854], [1.5142, 0.9982], [1.5756, 1], [1.72, 0.9889], [1.7712, 0.9802], [1.8327, 0.9666], [1.6507, 0.9969], [1.911, 0.943], [2.0032, 0.9093], [2.06, 0.8827], [2.2034, 0.8085], [2.1215, 0.8529], [2.2854, 0.7523], [2.3842, 0.6901], [2.4661, 0.6222], [2.6222, 0.4983], [2.7451, 0.3817], [2.6937, 0.4364], [3.021, 0.1213], [3.2929, -0.1479], [3.3646, -0.2167], [3.24, -0.0982], [3.47, -0.3225], [3.5724, -0.4154], [3.429, -0.2844], [3.6544, -0.4868], [3.5298, -0.3787], [3.72, -0.5467], [3.802, -0.6119], [3.9044, -0.6878], [4.0888, -0.8125], [3.97, -0.7369], [4.0212, -0.7697], [4.1442, -0.8406], [4.2159, -0.8812], [4.5371, -0.9852], [4.3937, -0.9485], [4.6088, -0.9948], [5.05, -0.9435], [5.1723, -0.8971], [5.2645, -0.8538], [4.3, -0.9162], [4.79, -0.997], [4.451, -0.9658], [4.74, -0.9996], [4.8561, -0.9891], [4.9278, -0.9764], [5.37, -0.7915], [5.1139, -0.922], [5.9744, -0.3081], [5.7183, -0.5339], [6.2101, -0.0731], [6.1281, -0.1526], [5.8617, -0.4107], [6.2832, -0.0032], [5.61, -0.6235], [5.4768, -0.7196], [5.7637, -0.4996], [5.9071, -0.3646], [5.42, -0.7599], [5.5327, -0.684], [6.05, -0.2311]]

小橋川歩生
昨日
5;;52023051553087;;---;;3.28 ptL=[[0, 0], [3.1416, 0], [6.2832, 0], [5, -0.9589], [1.93, 0.9362], [0.67, 0.621], [4.05, -0.7885]]

植草悠
昨日
01;;012023051554147;;---;;1.68 ptL=[[0, 0], [3.1416, 0]]

渡邉浩樹
昨日
11;;112023051552962;;---;;1000000 ptL=[[0, 0], [3.1416, 0], [0.55, 0.5227], [1.3571, 0.9779], [1.98, 0.9174], [2.48, 0.6144], [3.22, -0.0783], [3.93, -0.7092], [4.56, -0.9884], [5.52, -0.6912], [5.83, -0.4378], [6, -0.2794]]

矢部歩
昨日
01;;012023051553572;;---;;9.8 ptL=[[0, 0], [3.1416, 0], [6.2832, 0], [0.78, 0.7033], [1.58, 1], [2.62, 0.4983], [2.06, 0.8827], [4.19, -0.8666], [5.24, -0.864], [5.66, -0.5836], [3.65, -0.4868], [4.53, -0.9834]]
