NIL
(%i3) powerdisp:false
(%i4) display2d:false
(%i5) linel:1000
(%i6) dtLL:[[1,no,[-2,1]-[-2,1],[3,0]-[3,0],[-3,0]-[-3,0],[0,4]-[0,4]],[2,no,(-2.1)-[-2,1],[3,0]-[3,0],[-3,0]-[-3,0],[0,4]-[0,4]],[3,no,[-2,1]-[-2,1],[3,0]-[3,0],[-3,0]-[-3,0],[0,4]-[0,4]],[4,no,[-2,1]-[-2,1],[3,0]-[3,0],[-3,0]-[-3,0],[4,0]-[0,4]],[5,no,[-2,1]-[-2,1],[3,0]-[3,0],[-3,0]-[-3,0],[0,4]-[0,4]],[6,no,(-2.1)-[-2,1],[3,0]-[3,0],[-3,0]-[-3,0],[0,4]-[0,4]],[7,no,[-2,1]-[-2,1],[3,0]-[3,0],[-3,0]-[-3,0],[0,4]-[0,4]],[8,no,[-2,1]-[-2,1],[3,0]-[3,0],[-3,0]-[-3,0],[0,4]-[0,4]],[9,no,[-2,1]-[-2,1],[3,0]-[3,0],[-3,0]-[-3,0],[0,4]-[0,4]],[10,no,[-2,-1]-[-2,1],[3,0]-[3,0],[-3,0]-[-3,0],[0,-4]-[0,4]],[11]]
(%i7) res:ratsimp(dtLL)

rat: replaced -0.1000000000000001 by -1/10 = -0.1

rat: replaced -3.1 by -31/10 = -3.1

rat: replaced -0.1000000000000001 by -1/10 = -0.1

rat: replaced -3.1 by -31/10 = -3.1
(%i8) disp(res)
[[1,no,[0,0],[0,0],[0,0],[0,0]],[2,no,[-1/10,-31/10],[0,0],[0,0],[0,0]],[3,no,[0,0],[0,0],[0,0],[0,0]],[4,no,[0,0],[0,0],[0,0],[4,-4]],[5,no,[0,0],[0,0],[0,0],[0,0]],[6,no,[-1/10,-31/10],[0,0],[0,0],[0,0]],[7,no,[0,0],[0,0],[0,0],[0,0]],[8,no,[0,0],[0,0],[0,0],[0,0]],[9,no,[0,0],[0,0],[0,0],[0,0]],[10,no,[0,-2],[0,0],[0,0],[0,-8]],[11]]

(%i9) closefile()
